run, lap, split, start, time
1, 1, 0, 0, 185.487
1, 2, 0, 185.487, 74.879
1, 3, 0, 260.366, 75.65
1, 4, 0, 336.016, 78.799
1, 5, 0, 414.815, 72.527
1, 6, 0, 487.342, 73.414
1, 7, 0, 560.756, 74.127
1, 8, 0, 634.883, 74.148
1, 9, 0, 709.031, 74.071
1, 10, 0, 783.102, 74.408
1, 11, 0, 857.51, 25.97
